       N       E                     dE             d eps       ncg     rms          rms(c)
DAV:   1    -0.140647507547E+02   -0.14065E+02   -0.28053E-01******   0.244E+01
DAV:   2    -0.140647747706E+02   -0.24016E-04   -0.24015E-04******   0.127E-01
DAV:   3    -0.140647748372E+02   -0.66560E-07   -0.66674E-07******   0.687E-03
DAV:   4    -0.140647748375E+02   -0.28376E-09   -0.89923E-09******   0.678E-04
   1 F= -.14064775E+02 E0= -.14064708E+02  d E =-.199740E-03  mag=     0.0000     0.0000     3.2096
