       N       E                     dE             d eps       ncg     rms          rms(c)
DAV:   1    -0.140668782333E+02   -0.14067E+02   -0.28094E-01******   0.244E+01
DAV:   2    -0.140669024174E+02   -0.24184E-04   -0.24184E-04******   0.127E-01
DAV:   3    -0.140669024834E+02   -0.65969E-07   -0.65912E-07******   0.682E-03
DAV:   4    -0.140669024830E+02    0.37653E-09   -0.88545E-09******   0.673E-04
   1 F= -.14066902E+02 E0= -.14066939E+02  d E =0.110017E-03  mag=     0.0000     0.0000     3.1935
