       N       E                     dE             d eps       ncg     rms          rms(c)
DAV:   1    -0.140671737994E+02   -0.14067E+02   -0.28089E-01******   0.244E+01
DAV:   2    -0.140671979611E+02   -0.24162E-04   -0.24161E-04******   0.127E-01
DAV:   3    -0.140671980266E+02   -0.65568E-07   -0.66010E-07******   0.682E-03
DAV:   4    -0.140671980274E+02   -0.79217E-09   -0.88646E-09******   0.673E-04
   1 F= -.14067198E+02 E0= -.14067234E+02  d E =0.108546E-03  mag=     0.0000     0.0000     3.1933
