       N       E                     dE             d eps       ncg     rms          rms(c)
DAV:   1    -0.140645248267E+02   -0.14065E+02   -0.28058E-01******   0.244E+01
DAV:   2    -0.140645489942E+02   -0.24168E-04   -0.24168E-04******   0.127E-01
DAV:   3    -0.140645490623E+02   -0.68101E-07   -0.67237E-07******   0.689E-03
DAV:   4    -0.140645490620E+02    0.22919E-09   -0.90783E-09******   0.680E-04
   1 F= -.14064549E+02 E0= -.14064565E+02  d E =0.464407E-04  mag=     0.0000     0.0000     3.1935
