       N       E                     dE             d eps       ncg     rms          rms(c)
DAV:   1    -0.140668511029E+02   -0.14067E+02   -0.28077E-01******   0.244E+01
DAV:   2    -0.140668753432E+02   -0.24240E-04   -0.24241E-04******   0.127E-01
DAV:   3    -0.140668754101E+02   -0.66902E-07   -0.66440E-07******   0.685E-03
DAV:   4    -0.140668754107E+02   -0.63392E-09   -0.89421E-09******   0.676E-04
   1 F= -.14066875E+02 E0= -.14066908E+02  d E =0.988303E-04  mag=     0.0000     0.0000     3.1924
