       N       E                     dE             d eps       ncg     rms          rms(c)
DAV:   1    -0.140664335167E+02   -0.14066E+02   -0.28065E-01******   0.244E+01
DAV:   2    -0.140664573884E+02   -0.23872E-04   -0.23871E-04******   0.127E-01
DAV:   3    -0.140664574532E+02   -0.64786E-07   -0.65934E-07******   0.684E-03
DAV:   4    -0.140664574540E+02   -0.80581E-09   -0.88469E-09******   0.674E-04
   1 F= -.14066457E+02 E0= -.14066487E+02  d E =0.895326E-04  mag=     0.0000     0.0000     3.1973
