       N       E                     dE             d eps       ncg     rms          rms(c)
DAV:   1    -0.140634195567E+02   -0.14063E+02   -0.28053E-01******   0.244E+01
DAV:   2    -0.140634441457E+02   -0.24589E-04   -0.24589E-04******   0.128E-01
DAV:   3    -0.140634442128E+02   -0.67051E-07   -0.67673E-07******   0.689E-03
DAV:   4    -0.140634442137E+02   -0.88585E-09   -0.91473E-09******   0.681E-04
   1 F= -.14063444E+02 E0= -.14063476E+02  d E =0.952453E-04  mag=     0.0000     0.0000     3.1946
