       N       E                     dE             d eps       ncg     rms          rms(c)
DAV:   1    -0.140647542969E+02   -0.14065E+02   -0.28043E-01******   0.244E+01
DAV:   2    -0.140647784529E+02   -0.24156E-04   -0.24157E-04******   0.127E-01
DAV:   3    -0.140647785194E+02   -0.66522E-07   -0.66565E-07******   0.687E-03
DAV:   4    -0.140647785199E+02   -0.50932E-09   -0.89411E-09******   0.676E-04
   1 F= -.14064779E+02 E0= -.14064711E+02  d E =-.202569E-03  mag=     0.0000     0.0000     3.2096
