       N       E                     dE             d eps       ncg     rms          rms(c)
DAV:   1    -0.165245707623E+02   -0.16525E+02   -0.23427E-01897024   0.196E+01
DAV:   2    -0.165245962019E+02   -0.25440E-04   -0.25441E-04******   0.124E-01
DAV:   3    -0.165245962746E+02   -0.72703E-07   -0.72201E-07951600   0.707E-03
DAV:   4    -0.165245962750E+02   -0.44020E-09   -0.96455E-09******   0.711E-04
   1 F= -.16524596E+02 E0= -.16524596E+02  d E =0.000000E+00  mag=     0.0000     0.0000     4.3324
