       N       E                     dE             d eps       ncg     rms          rms(c)
DAV:   1    -0.140664227694E+02   -0.14066E+02   -0.28048E-01******   0.244E+01
DAV:   2    -0.140664466688E+02   -0.23899E-04   -0.23899E-04******   0.126E-01
DAV:   3    -0.140664467357E+02   -0.66909E-07   -0.66617E-07******   0.686E-03
DAV:   4    -0.140664467365E+02   -0.81127E-09   -0.89768E-09******   0.677E-04
   1 F= -.14066447E+02 E0= -.14066477E+02  d E =0.916053E-04  mag=     0.0000     0.0000     3.1973
