       N       E                     dE             d eps       ncg     rms          rms(c)
DAV:   1    -0.140634693708E+02   -0.14063E+02   -0.28168E-01******   0.244E+01
DAV:   2    -0.140634935577E+02   -0.24187E-04   -0.24186E-04******   0.127E-01
DAV:   3    -0.140634936220E+02   -0.64336E-07   -0.65769E-07******   0.677E-03
DAV:   4    -0.140634936229E+02   -0.86129E-09   -0.88924E-09******   0.668E-04
   1 F= -.14063494E+02 E0= -.14063517E+02  d E =0.709506E-04  mag=     0.0000     0.0000     3.1946
