       N       E                     dE             d eps       ncg     rms          rms(c)
DAV:   1    -0.140658459892E+02   -0.14066E+02   -0.28039E-01******   0.244E+01
DAV:   2    -0.140658701063E+02   -0.24117E-04   -0.24117E-04******   0.127E-01
DAV:   3    -0.140658701730E+02   -0.66725E-07   -0.67044E-07******   0.688E-03
DAV:   4    -0.140658701731E+02   -0.70941E-10   -0.90397E-09******   0.679E-04
   1 F= -.14065870E+02 E0= -.14065896E+02  d E =0.769330E-04  mag=     0.0000     0.0000     3.1925
