       N       E                     dE             d eps       ncg     rms          rms(c)
DAV:   1    -0.140673586177E+02   -0.14067E+02   -0.28043E-01******   0.244E+01
DAV:   2    -0.140673830232E+02   -0.24405E-04   -0.24406E-04******   0.127E-01
DAV:   3    -0.140673830915E+02   -0.68270E-07   -0.67125E-07******   0.688E-03
DAV:   4    -0.140673830915E+02    0.27285E-10   -0.90411E-09******   0.679E-04
   1 F= -.14067383E+02 E0= -.14067420E+02  d E =0.110455E-03  mag=     0.0000     0.0000     3.1933
