       N       E                     dE             d eps       ncg     rms          rms(c)
DAV:   1    -0.140665163563E+02   -0.14067E+02   -0.28100E-01******   0.244E+01
DAV:   2    -0.140665404836E+02   -0.24127E-04   -0.24128E-04******   0.127E-01
DAV:   3    -0.140665405493E+02   -0.65738E-07   -0.65910E-07******   0.682E-03
DAV:   4    -0.140665405502E+02   -0.81491E-09   -0.88526E-09******   0.673E-04
   1 F= -.14066541E+02 E0= -.14066578E+02  d E =0.112354E-03  mag=     0.0000     0.0000     3.1937
