       N       E                     dE             d eps       ncg     rms          rms(c)
DAV:   1    -0.140645287320E+02   -0.14065E+02   -0.28048E-01******   0.244E+01
DAV:   2    -0.140645529823E+02   -0.24250E-04   -0.24250E-04******   0.127E-01
DAV:   3    -0.140645530493E+02   -0.67039E-07   -0.67179E-07******   0.688E-03
DAV:   4    -0.140645530500E+02   -0.66393E-09   -0.90725E-09******   0.680E-04
   1 F= -.14064553E+02 E0= -.14064568E+02  d E =0.462808E-04  mag=     0.0000     0.0000     3.1935
