       N       E                     dE             d eps       ncg     rms          rms(c)
DAV:   1    -0.140668291485E+02   -0.14067E+02   -0.28143E-01******   0.244E+01
DAV:   2    -0.140668532388E+02   -0.24090E-04   -0.24090E-04******   0.126E-01
DAV:   3    -0.140668533038E+02   -0.64957E-07   -0.65057E-07******   0.674E-03
DAV:   4    -0.140668533039E+02   -0.14370E-09   -0.87769E-09******   0.663E-04
   1 F= -.14066853E+02 E0= -.14066885E+02  d E =0.945389E-04  mag=     0.0000     0.0000     3.1910
