       N       E                     dE             d eps       ncg     rms          rms(c)
DAV:   1    -0.140665059164E+02   -0.14067E+02   -0.28070E-01******   0.244E+01
DAV:   2    -0.140665299605E+02   -0.24044E-04   -0.24044E-04******   0.127E-01
DAV:   3    -0.140665300271E+02   -0.66636E-07   -0.65960E-07******   0.682E-03
DAV:   4    -0.140665300278E+02   -0.70031E-09   -0.88593E-09******   0.673E-04
   1 F= -.14066530E+02 E0= -.14066566E+02  d E =0.108995E-03  mag=     0.0000     0.0000     3.1937
