       N       E                     dE             d eps       ncg     rms          rms(c)
DAV:   1    -0.140673730763E+02   -0.14067E+02   -0.28084E-01******   0.244E+01
DAV:   2    -0.140673973262E+02   -0.24250E-04   -0.24249E-04******   0.127E-01
DAV:   3    -0.140673973922E+02   -0.66039E-07   -0.66146E-07******   0.683E-03
DAV:   4    -0.140673973924E+02   -0.24920E-09   -0.88816E-09******   0.674E-04
   1 F= -.14067397E+02 E0= -.14067433E+02  d E =0.108174E-03  mag=     0.0000     0.0000     3.1933
