       N       E                     dE             d eps       ncg     rms          rms(c)
DAV:   1    -0.140664256518E+02   -0.14066E+02   -0.28040E-01******   0.244E+01
DAV:   2    -0.140664496329E+02   -0.23981E-04   -0.23980E-04******   0.127E-01
DAV:   3    -0.140664496989E+02   -0.65999E-07   -0.66565E-07******   0.687E-03
DAV:   4    -0.140664496997E+02   -0.82946E-09   -0.89487E-09******   0.676E-04
   1 F= -.14066450E+02 E0= -.14066480E+02  d E =0.910235E-04  mag=     0.0000     0.0000     3.1973
