       N       E                     dE             d eps       ncg     rms          rms(c)
DAV:   1    -0.140673682706E+02   -0.14067E+02   -0.28071E-01******   0.244E+01
DAV:   2    -0.140673925932E+02   -0.24323E-04   -0.24324E-04******   0.127E-01
DAV:   3    -0.140673926604E+02   -0.67193E-07   -0.66457E-07******   0.685E-03
DAV:   4    -0.140673926607E+02   -0.32742E-09   -0.89279E-09******   0.676E-04
   1 F= -.14067393E+02 E0= -.14067429E+02  d E =0.108925E-03  mag=     0.0000     0.0000     3.1933
