       N       E                     dE             d eps       ncg     rms          rms(c)
DAV:   1    -0.165252621702E+02   -0.16525E+02   -0.23441E-01896688   0.196E+01
DAV:   2    -0.165252863300E+02   -0.24160E-04   -0.24165E-04******   0.123E-01
DAV:   3    -0.165252864020E+02   -0.72044E-07   -0.70986E-07955248   0.699E-03
DAV:   4    -0.165252864018E+02    0.20373E-09   -0.94231E-09******   0.701E-04
   1 F= -.16525286E+02 E0= -.16525286E+02  d E =0.000000E+00  mag=     0.0000     0.0000     4.3297
