       N       E                     dE             d eps       ncg     rms          rms(c)
DAV:   1    -0.165247706017E+02   -0.16525E+02   -0.23436E-01938880   0.196E+01
DAV:   2    -0.165247957356E+02   -0.25134E-04   -0.25137E-04******   0.124E-01
DAV:   3    -0.165247958072E+02   -0.71620E-07   -0.71578E-07998328   0.700E-03
DAV:   4    -0.165247958074E+02   -0.19372E-09   -0.94806E-09******   0.703E-04
   1 F= -.16524796E+02 E0= -.16524796E+02  d E =0.000000E+00  mag=     0.0000     0.0000     4.3303
