       N       E                     dE             d eps       ncg     rms          rms(c)
DAV:   1    -0.165252424393E+02   -0.16525E+02   -0.23424E-01896640   0.196E+01
DAV:   2    -0.165252675187E+02   -0.25079E-04   -0.25084E-04******   0.124E-01
DAV:   3    -0.165252675907E+02   -0.71994E-07   -0.71627E-07955656   0.700E-03
DAV:   4    -0.165252675905E+02    0.22101E-09   -0.94868E-09******   0.703E-04
   1 F= -.16525268E+02 E0= -.16525268E+02  d E =0.000000E+00  mag=     0.0000     0.0000     4.3297
