       N       E                     dE             d eps       ncg     rms          rms(c)
DAV:   1    -0.165269882707E+02   -0.16527E+02   -0.23438E-01898200   0.196E+01
DAV:   2    -0.165270150705E+02   -0.26800E-04   -0.26805E-04******   0.125E-01
DAV:   3    -0.165270151430E+02   -0.72449E-07   -0.72611E-07954600   0.700E-03
DAV:   4    -0.165270151429E+02    0.57298E-10   -0.95053E-09******   0.702E-04
   1 F= -.16527015E+02 E0= -.16527015E+02  d E =0.000000E+00  mag=     0.0000     0.0000     4.3285
