       N       E                     dE             d eps       ncg     rms          rms(c)
DAV:   1    -0.165266558860E+02   -0.16527E+02   -0.23434E-01898608   0.196E+01
DAV:   2    -0.165266822057E+02   -0.26320E-04   -0.26326E-04******   0.124E-01
DAV:   3    -0.165266822788E+02   -0.73048E-07   -0.71915E-07956160   0.701E-03
DAV:   4    -0.165266822789E+02   -0.11914E-09   -0.95286E-09******   0.704E-04
   1 F= -.16526682E+02 E0= -.16526682E+02  d E =0.000000E+00  mag=     0.0000     0.0000     4.3291
