       N       E                     dE             d eps       ncg     rms          rms(c)
DAV:   1    -0.165266217541E+02   -0.16527E+02   -0.23437E-01898752   0.196E+01
DAV:   2    -0.165266480226E+02   -0.26269E-04   -0.26275E-04******   0.125E-01
DAV:   3    -0.165266480958E+02   -0.73253E-07   -0.72288E-07953400   0.705E-03
DAV:   4    -0.165266480968E+02   -0.93951E-09   -0.96018E-09******   0.709E-04
   1 F= -.16526648E+02 E0= -.16526648E+02  d E =0.000000E+00  mag=     0.0000     0.0000     4.3290
