       N       E                     dE             d eps       ncg     rms          rms(c)
DAV:   1    -0.165266574742E+02   -0.16527E+02   -0.23432E-01898032   0.196E+01
DAV:   2    -0.165266837552E+02   -0.26281E-04   -0.26284E-04******   0.125E-01
DAV:   3    -0.165266838259E+02   -0.70730E-07   -0.72496E-07955608   0.706E-03
DAV:   4    -0.165266838269E+02   -0.99044E-09   -0.96328E-09******   0.710E-04
   1 F= -.16526684E+02 E0= -.16526684E+02  d E =0.000000E+00  mag=     0.0000     0.0000     4.3291
