       N       E                     dE             d eps       ncg     rms          rms(c)
DAV:   1    -0.165266241362E+02   -0.16527E+02   -0.23434E-01898608   0.196E+01
DAV:   2    -0.165266507146E+02   -0.26578E-04   -0.26583E-04******   0.124E-01
DAV:   3    -0.165266507874E+02   -0.72759E-07   -0.72110E-07957096   0.702E-03
DAV:   4    -0.165266507874E+02   -0.39108E-10   -0.95455E-09******   0.705E-04
   1 F= -.16526651E+02 E0= -.16526651E+02  d E =0.000000E+00  mag=     0.0000     0.0000     4.3290
