       N       E                     dE             d eps       ncg     rms          rms(c)
DAV:   1    -0.165261214909E+02   -0.16526E+02   -0.23427E-01898704   0.196E+01
DAV:   2    -0.165261469233E+02   -0.25432E-04   -0.25436E-04******   0.124E-01
DAV:   3    -0.165261469943E+02   -0.70999E-07   -0.71556E-07956904   0.699E-03
DAV:   4    -0.165261469953E+02   -0.99953E-09   -0.94641E-09******   0.701E-04
   1 F= -.16526147E+02 E0= -.16526147E+02  d E =0.000000E+00  mag=     0.0000     0.0000     4.3292
