       N       E                     dE             d eps       ncg     rms          rms(c)
DAV:   1    -0.165269886288E+02   -0.16527E+02   -0.23437E-01898848   0.196E+01
DAV:   2    -0.165270152454E+02   -0.26617E-04   -0.26622E-04******   0.124E-01
DAV:   3    -0.165270153186E+02   -0.73273E-07   -0.72281E-07956832   0.702E-03
DAV:   4    -0.165270153190E+02   -0.33469E-09   -0.95433E-09******   0.705E-04
   1 F= -.16527015E+02 E0= -.16527015E+02  d E =0.000000E+00  mag=     0.0000     0.0000     4.3285
