       N       E                     dE             d eps       ncg     rms          rms(c)
DAV:   1    -0.165261337040E+02   -0.16526E+02   -0.23433E-01898008   0.196E+01
DAV:   2    -0.165261596313E+02   -0.25927E-04   -0.25933E-04******   0.124E-01
DAV:   3    -0.165261597033E+02   -0.71979E-07   -0.72099E-07956232   0.700E-03
DAV:   4    -0.165261597036E+02   -0.32014E-09   -0.94897E-09******   0.702E-04
   1 F= -.16526160E+02 E0= -.16526160E+02  d E =0.000000E+00  mag=     0.0000     0.0000     4.3292
