       N       E                     dE             d eps       ncg     rms          rms(c)
DAV:   1    -0.140668419211E+02   -0.14067E+02   -0.28040E-01******   0.244E+01
DAV:   2    -0.140668664133E+02   -0.24492E-04   -0.24492E-04******   0.127E-01
DAV:   3    -0.140668664800E+02   -0.66719E-07   -0.67173E-07******   0.688E-03
DAV:   4    -0.140668664803E+02   -0.25466E-09   -0.90514E-09******   0.679E-04
   1 F= -.14066866E+02 E0= -.14066900E+02  d E =0.100915E-03  mag=     0.0000     0.0000     3.1924
