       N       E                     dE             d eps       ncg     rms          rms(c)
DAV:   1    -0.140665056494E+02   -0.14067E+02   -0.28070E-01******   0.244E+01
DAV:   2    -0.140665296939E+02   -0.24044E-04   -0.24044E-04******   0.127E-01
DAV:   3    -0.140665297596E+02   -0.65789E-07   -0.65960E-07******   0.682E-03
DAV:   4    -0.140665297597E+02   -0.84583E-10   -0.88593E-09******   0.673E-04
   1 F= -.14066530E+02 E0= -.14066566E+02  d E =0.108995E-03  mag=     0.0000     0.0000     3.1937
