       N       E                     dE             d eps       ncg     rms          rms(c)
DAV:   1    -0.165269883351E+02   -0.16527E+02   -0.23439E-01898056   0.196E+01
DAV:   2    -0.165270150695E+02   -0.26734E-04   -0.26739E-04******   0.124E-01
DAV:   3    -0.165270151411E+02   -0.71555E-07   -0.72568E-07954360   0.700E-03
DAV:   4    -0.165270151420E+02   -0.91586E-09   -0.95023E-09******   0.702E-04
   1 F= -.16527015E+02 E0= -.16527015E+02  d E =0.000000E+00  mag=     0.0000     0.0000     4.3285
