       N       E                     dE             d eps       ncg     rms          rms(c)
DAV:   1    -0.140658405998E+02   -0.14066E+02   -0.28053E-01******   0.244E+01
DAV:   2    -0.140658646557E+02   -0.24056E-04   -0.24056E-04******   0.127E-01
DAV:   3    -0.140658647226E+02   -0.66862E-07   -0.67066E-07******   0.688E-03
DAV:   4    -0.140658647225E+02    0.96406E-10   -0.90523E-09******   0.679E-04
   1 F= -.14065865E+02 E0= -.14065890E+02  d E =0.772327E-04  mag=     0.0000     0.0000     3.1925
