       N       E                     dE             d eps       ncg     rms          rms(c)
DAV:   1    -0.140673586217E+02   -0.14067E+02   -0.28043E-01******   0.244E+01
DAV:   2    -0.140673830289E+02   -0.24407E-04   -0.24407E-04******   0.127E-01
DAV:   3    -0.140673830968E+02   -0.67888E-07   -0.67078E-07******   0.688E-03
DAV:   4    -0.140673830975E+02   -0.66757E-09   -0.90314E-09******   0.678E-04
   1 F= -.14067383E+02 E0= -.14067420E+02  d E =0.110454E-03  mag=     0.0000     0.0000     3.1933
