       N       E                     dE             d eps       ncg     rms          rms(c)
DAV:   1    -0.140658432998E+02   -0.14066E+02   -0.28046E-01******   0.244E+01
DAV:   2    -0.140658673851E+02   -0.24085E-04   -0.24084E-04******   0.127E-01
DAV:   3    -0.140658674522E+02   -0.67173E-07   -0.67069E-07******   0.688E-03
DAV:   4    -0.140658674526E+02   -0.39381E-09   -0.90535E-09******   0.679E-04
   1 F= -.14065867E+02 E0= -.14065893E+02  d E =0.771445E-04  mag=     0.0000     0.0000     3.1925
