       N       E                     dE             d eps       ncg     rms          rms(c)
DAV:   1    -0.140672766679E+02   -0.14067E+02   -0.28096E-01******   0.244E+01
DAV:   2    -0.140673002958E+02   -0.23628E-04   -0.23627E-04******   0.126E-01
DAV:   3    -0.140673003610E+02   -0.65177E-07   -0.64452E-07******   0.673E-03
DAV:   4    -0.140673003617E+02   -0.74215E-09   -0.86407E-09******   0.660E-04
   1 F= -.14067300E+02 E0= -.14067336E+02  d E =0.106692E-03  mag=     0.0000     0.0000     3.1962
