       N       E                     dE             d eps       ncg     rms          rms(c)
DAV:   1    -0.140671702226E+02   -0.14067E+02   -0.28078E-01******   0.244E+01
DAV:   2    -0.140671943702E+02   -0.24148E-04   -0.24146E-04******   0.127E-01
DAV:   3    -0.140671944362E+02   -0.65937E-07   -0.66049E-07******   0.683E-03
DAV:   4    -0.140671944368E+02   -0.65666E-09   -0.88713E-09******   0.673E-04
   1 F= -.14067194E+02 E0= -.14067230E+02  d E =0.107379E-03  mag=     0.0000     0.0000     3.1933
