       N       E                     dE             d eps       ncg     rms          rms(c)
DAV:   1    -0.165267161847E+02   -0.16527E+02   -0.23441E-01897888   0.196E+01
DAV:   2    -0.165267426271E+02   -0.26442E-04   -0.26448E-04******   0.124E-01
DAV:   3    -0.165267426986E+02   -0.71449E-07   -0.72324E-07955680   0.700E-03
DAV:   4    -0.165267426995E+02   -0.91222E-09   -0.94884E-09******   0.701E-04
   1 F= -.16526743E+02 E0= -.16526743E+02  d E =0.000000E+00  mag=     0.0000     0.0000     4.3287
